finish  save model
prediction [10, 104, 5, 6, 10, 22, 518, 87, 338, 1, 4, 48, 4, 0, 0, 0, 1541, 265, 22, 1, 3, 502, 1385, 0, 0, 1058, 204, 0, 489, 1, 3, 8, 227, 0, 0, 0, 4, 695, 85, 1, 3, 3]
b_y        [360, 43, 368, 870, 0, 258, 56, 302, 119, 1, 22, 93, 11, 4081, 0, 1541, 1541, 495, 495, 1, 83, 893, 254, 649, 0, 2390, 831, 636, 3618, 1, 1439, 1277, 264, 1775, 0, 47, 2315, 13, 115, 1, 3, 3]
******************************
epoch   29 batch number 21 loss is:  5.558916091918945
prediction [10, 107, 669, 398, 22, 0, 66, 23, 4, 4, 123, 1, 550, 56, 83, 0, 0, 0, 50, 57, 12, 161, 5, 1, 4, 250, 4, 165, 17, 0, 10, 469, 19, 12, 79, 1, 3, 64, 22, 174, 18, 0, 9, 27, 82, 5, 205, 1, 3, 3]
b_y        [254, 8, 255, 448, 25, 0, 80, 366, 336, 110, 793, 1, 661, 385, 463, 639, 106, 0, 243, 12, 90, 96, 296, 1, 28, 664, 1888, 274, 949, 0, 1742, 770, 653, 155, 630, 1, 15, 1610, 174, 266, 18, 0, 168, 51, 1994, 1373, 205, 1, 3, 3]
******************************
epoch   29 batch number 22 loss is:  5.275184631347656
prediction [10, 18, 332, 9, 202, 0, 7, 6, 17, 42, 88, 1, 4, 115, 9, 290, 166, 0, 25, 17, 41, 24, 20, 1, 3, 57, 25, 26, 41, 0, 15, 177, 10, 169, 78, 1, 3, 109, 13, 64, 42, 0, 15, 39, 4, 15, 47, 1, 3, 3]
b_y        [33, 1266, 780, 40, 927, 0, 11, 75, 42, 42, 296, 1, 18, 14, 446, 1780, 148, 0, 21, 29, 101, 38, 239, 1, 1711, 57, 103, 26, 781, 0, 2103, 1940, 8, 31, 105, 1, 92, 111, 32, 212, 189, 0, 511, 1337, 179, 15, 540, 1, 3, 3]
******************************
epoch   29 batch number 23 loss is:  5.320094108581543
prediction [10, 114, 15, 61, 0, 0, 39, 300, 117, 13, 216, 1, 8, 48, 180, 57, 126, 0, 7, 61, 77, 25, 22, 1, 148, 85, 60, 1080, 45, 0, 6, 1096, 94, 229, 13, 1, 128, 27, 80, 4, 45, 0, 4, 140, 10, 33, 102, 1, 3, 3]
b_y        [22, 629, 226, 8, 752, 0, 114, 5087, 117, 298, 127, 1, 1696, 119, 483, 323, 108, 0, 436, 193, 18, 240, 828, 1, 74, 575, 1521, 1080, 269, 0, 137, 48, 354, 229, 25, 1, 99, 27, 677, 232, 192, 0, 33, 18, 1733, 250, 88, 1, 3, 3]
******************************
epoch   29 batch number 24 loss is:  5.206906318664551
prediction [10, 30, 33, 330, 0, 0, 13, 7, 77, 108, 135, 1, 4, 30, 10, 8, 96, 0, 4, 130, 28, 23, 23, 1, 3, 197, 9, 15, 63, 0, 15, 163, 4, 147, 164, 1, 3, 637, 212, 184, 0, 0, 15, 480, 10, 406, 113, 1, 3, 3]
b_y        [184, 447, 171, 303, 513, 0, 611, 514, 1411, 108, 65, 1, 112, 3237, 10, 601, 96, 0, 2226, 503, 190, 69, 794, 1, 145, 440, 43, 183, 734, 0, 175, 64, 55, 4224, 3389, 1, 15, 754, 26, 2199, 2337, 0, 537, 109, 689, 436, 948, 1, 3, 3]
******************************
epoch   29 batch number 25 loss is:  4.855698585510254
prediction [10, 53, 243, 155, 22, 0, 60, 6, 13, 74, 78, 1, 4, 32, 80, 357, 41, 0, 4, 130, 39, 5, 86, 1, 36, 309, 5, 23, 44, 0, 6, 79, 36, 724, 79, 1, 4, 27, 9, 140, 45, 0, 15, 565, 10, 23, 135, 1, 3, 3]
b_y        [211, 53, 34, 14, 943, 0, 33, 66, 13, 85, 93, 1, 589, 259, 20, 4, 419, 0, 89, 715, 124, 26, 602, 1, 5, 210, 69, 1137, 170, 0, 12, 9, 227, 8, 79, 1, 314, 253, 568, 140, 789, 0, 37, 45, 190, 23, 14, 1, 3, 3]
******************************
epoch   29 batch number 26 loss is:  5.056972026824951
prediction [10, 164, 15, 365, 64, 0, 26, 145, 4, 4, 85, 1, 36, 19, 9, 214, 338, 0, 15, 86, 10, 149, 119, 1, 4, 115, 4, 34, 44, 0, 13, 177, 269, 7, 243, 1, 3, 7, 117, 4, 73, 0, 40, 20, 122, 42, 570, 1, 3, 3]
b_y        [5, 219, 2439, 829, 469, 0, 70, 29, 164, 6, 330, 1, 314, 192, 368, 157, 769, 0, 26, 117, 221, 1616, 23, 1, 269, 134, 46, 186, 575, 0, 736, 1003, 25, 7, 65, 1, 196, 450, 405, 4, 419, 0, 180, 37, 15, 365, 1024, 1, 3, 3]
******************************
epoch   29 batch number 27 loss is:  4.984591007232666
prediction [10, 389, 33, 47, 692, 0, 60, 517, 91, 42, 5, 1, 4, 340, 181, 34, 41, 0, 6, 48, 16, 396, 86, 1, 70, 70, 9, 27, 64, 0, 27, 828, 4, 37, 13, 1, 4, 7, 4, 38, 357, 0, 103, 104, 37, 15, 56, 1, 3, 3]
b_y        [1126, 1201, 1282, 211, 461, 0, 923, 489, 15, 264, 5, 1, 74, 658, 156, 4, 1508, 0, 584, 48, 34, 26, 377, 1, 300, 45, 51, 9, 272, 0, 772, 1457, 144, 588, 736, 1, 313, 407, 112, 592, 597, 0, 628, 1552, 543, 22, 362, 1, 3, 3]
******************************
epoch   29 batch number 28 loss is:  5.110881805419922
prediction [33, 8, 22, 159, 159, 0, 68, 8, 122, 28, 741, 1, 36, 74, 181, 20, 86, 0, 33, 5, 41, 39, 20, 1, 33, 27, 27, 51, 674, 0, 4, 128, 41, 58, 24, 1, 4, 715, 33, 60, 48, 0, 15, 224, 4, 4, 27, 1, 3, 3]
b_y        [488, 109, 35, 760, 759, 0, 68, 41, 177, 1309, 741, 1, 804, 74, 39, 20, 816, 0, 15, 5, 27, 233, 50, 1, 314, 172, 3323, 2116, 1142, 0, 391, 99, 91, 58, 880, 1, 251, 43, 356, 60, 827, 0, 857, 11, 799, 4, 144, 1, 3, 3]
******************************
epoch   29 batch number 29 loss is:  4.8800859451293945
prediction [10, 225, 10, 351, 114, 0, 97, 8, 117, 123, 13, 1, 68, 393, 181, 71, 18, 0, 50, 46, 82, 892, 50, 1, 6, 7, 243, 53, 209, 0, 25, 96, 34, 5, 5, 1, 3, 44, 9, 15, 1468, 0, 15, 7, 4, 232, 265, 1, 3, 3]
b_y        [282, 495, 146, 351, 114, 0, 68, 8, 54, 135, 1274, 1, 241, 1091, 174, 214, 16, 0, 677, 319, 579, 1657, 132, 1, 181, 7, 25, 72, 137, 0, 261, 17, 124, 204, 5, 1, 97, 64, 47, 738, 140, 0, 313, 14, 99, 2729, 265, 1, 3, 3]
******************************
epoch   29 batch number 30 loss is:  4.904191970825195
prediction [10, 114, 80, 18, 17, 0, 39, 399, 117, 26, 134, 1, 8, 8, 9, 184, 73, 0, 13, 14, 9, 64, 5, 1, 33, 6, 6, 42, 29, 0, 33, 63, 19, 20, 398, 1, 3, 19, 33, 6, 63, 0, 40, 109, 36, 18, 94, 1, 3, 3]
b_y        [326, 5, 33, 18, 41, 0, 1863, 399, 376, 717, 134, 1, 209, 8, 26, 27, 188, 0, 403, 23, 377, 158, 398, 1, 61, 135, 15, 42, 29, 0, 122, 723, 143, 20, 24, 1, 92, 90, 800, 287, 271, 0, 253, 109, 252, 182, 94, 1, 3, 3]
******************************
epoch   29 batch number 31 loss is:  4.96528434753418
prediction [10, 197, 13, 429, 137, 0, 13, 7, 177, 53, 14, 1, 4, 457, 25, 53, 72, 0, 36, 42, 77, 65, 733, 1, 4, 44, 9, 287, 61, 0, 40, 23, 4, 197, 13, 1, 3, 125, 4, 365, 269, 0, 67, 42, 4, 26, 65, 1, 3, 3]
b_y        [66, 660, 277, 429, 274, 0, 84, 7, 461, 53, 471, 1, 220, 50, 626, 82, 3424, 0, 241, 673, 1141, 449, 733, 1, 69, 44, 800, 33, 640, 0, 80, 23, 158, 197, 13, 1, 375, 125, 226, 310, 45, 0, 619, 1657, 693, 35, 132, 1, 3, 3]
******************************
epoch   29 batch number 32 loss is:  5.201366901397705
prediction [10, 18, 13, 166, 85, 0, 7, 169, 4, 9, 132, 1, 173, 610, 7, 6, 17, 0, 60, 78, 6, 36, 165, 1, 6, 6, 9, 634, 427, 0, 8, 74, 77, 24, 5, 1, 3, 161, 9, 6, 159, 0, 9, 27, 4, 1096, 21, 1, 3, 3]
b_y        [33, 66, 429, 166, 13, 0, 8, 442, 114, 9, 132, 1, 585, 610, 139, 76, 53, 0, 34, 14, 35, 36, 1064, 1, 297, 266, 329, 1819, 427, 0, 201, 72, 170, 135, 5, 1, 90, 161, 60, 6, 48, 0, 103, 62, 2086, 16, 265, 1, 3, 3]
******************************
epoch   29 batch number 33 loss is:  5.0051398277282715
prediction [10, 285, 9, 5, 86, 0, 9, 246, 4, 124, 121, 1, 68, 14, 9, 61, 475, 0, 10, 96, 4, 5, 24, 1, 36, 64, 9, 5, 274, 0, 6, 52, 4, 140, 310, 1, 103, 7, 4, 104, 124, 0, 4, 42, 19, 26, 134, 1, 3, 3]
b_y        [121, 159, 9, 1118, 1398, 0, 32, 21, 188, 49, 226, 1, 735, 12, 205, 376, 419, 0, 184, 96, 170, 168, 24, 1, 5, 64, 38, 20, 188, 0, 315, 1120, 77, 8, 398, 1, 13, 50, 135, 255, 210, 0, 1508, 108, 493, 1283, 134, 1, 3, 3]
******************************
epoch   29 batch number 34 loss is:  5.075287342071533
prediction [10, 32, 15, 10, 42, 0, 8, 8, 120, 144, 78, 1, 68, 18, 6, 14, 124, 0, 5, 32, 4, 674, 225, 1, 68, 129, 4, 4, 126, 0, 6, 17, 17, 9, 5, 1, 3, 197, 9, 115, 45, 0, 67, 23, 4, 19, 24, 1, 3, 3]
b_y        [45, 38, 9, 405, 1123, 0, 223, 8, 63, 995, 164, 1, 108, 37, 1210, 14, 534, 0, 2262, 505, 753, 51, 2407, 1, 150, 129, 105, 1160, 53, 0, 1774, 719, 438, 184, 6, 1, 122, 723, 1183, 115, 48, 0, 80, 23, 54, 51, 89, 1, 3, 3]
******************************
epoch   29 batch number 35 loss is:  4.957289695739746
prediction [10, 18, 13, 764, 91, 0, 33, 30, 43, 128, 398, 1, 6, 78, 6, 42, 232, 0, 6, 48, 34, 21, 20, 1, 61, 41, 24, 6, 252, 0, 25, 25, 77, 19, 131, 1, 15, 253, 92, 147, 63, 0, 4, 197, 10, 6, 152, 1, 3, 3]
b_y        [33, 660, 764, 236, 42, 0, 27, 489, 364, 470, 1210, 1, 34, 78, 185, 160, 322, 0, 292, 48, 17, 56, 325, 1, 177, 252, 98, 414, 74, 0, 259, 224, 422, 36, 266, 1, 538, 253, 264, 185, 86, 0, 158, 197, 43, 22, 629, 1, 3, 3]
******************************
epoch   29 batch number 36 loss is:  4.973902225494385
prediction [10, 62, 25, 12, 106, 0, 25, 6, 16, 179, 20, 1, 6, 67, 33, 44, 48, 0, 25, 41, 158, 178, 178, 1, 16, 85, 571, 76, 16, 0, 6, 59, 57, 169, 198, 1, 4, 47, 6, 126, 48, 0, 67, 51, 92, 24, 397, 1, 3, 3]
b_y        [194, 618, 200, 12, 70, 0, 428, 33, 763, 649, 14, 1, 494, 98, 97, 72, 502, 0, 4, 41, 10, 178, 79, 1, 16, 85, 1167, 431, 541, 0, 1150, 59, 1643, 1190, 198, 1, 272, 88, 93, 17, 18, 0, 149, 51, 92, 402, 397, 1, 3, 3]
******************************
epoch   29 batch number 37 loss is:  4.972268104553223
prediction [10, 27, 5, 7, 44, 0, 9, 584, 22, 18, 5, 1, 4, 6, 9, 1980, 148, 0, 6, 53, 77, 198, 224, 1, 148, 197, 9, 21, 29, 0, 9, 20, 148, 158, 115, 1, 3, 86, 9, 74, 192, 0, 15, 792, 4, 12, 512, 1, 3, 3]
b_y        [4, 322, 13, 337, 124, 0, 3692, 262, 332, 18, 127, 1, 11, 266, 1968, 1980, 86, 0, 7, 8, 2652, 431, 105, 1, 29, 1093, 929, 11, 160, 0, 14, 465, 710, 994, 920, 1, 365, 861, 201, 385, 161, 0, 289, 792, 261, 1078, 512, 1, 3, 3]
******************************
epoch   29 batch number 38 loss is:  4.975066661834717
prediction [10, 6, 9, 158, 550, 0, 10, 48, 43, 134, 642, 1, 142, 163, 9, 7, 177, 0, 9, 305, 4, 53, 398, 1, 6, 50, 6, 34, 264, 0, 6, 57, 17, 6, 40, 1, 3, 45, 9, 692, 159, 0, 26, 458, 9, 269, 102, 1, 3, 3]
b_y        [183, 84, 1297, 2247, 1500, 0, 492, 48, 1792, 641, 2077, 1, 1163, 681, 25, 156, 328, 0, 1025, 305, 34, 213, 477, 1, 22, 79, 243, 687, 91, 0, 290, 57, 18, 127, 52, 1, 81, 858, 794, 692, 567, 0, 191, 23, 286, 140, 594, 1, 3, 3]
******************************
epoch   29 batch number 39 loss is:  5.178131580352783
prediction [10, 75, 4, 30, 300, 0, 80, 50, 179, 193, 164, 1, 4, 67, 24, 4, 34, 0, 4, 29, 4, 15, 6, 1, 10, 618, 9, 21, 682, 0, 5, 164, 4, 4, 151, 1, 4, 14, 4, 45, 145, 0, 4, 49, 39, 330, 7, 1, 3, 3]
b_y        [1001, 1602, 773, 150, 681, 0, 22, 46, 2711, 95, 32, 1, 251, 205, 245, 10, 251, 0, 39, 159, 49, 40, 118, 1, 579, 550, 382, 984, 1034, 0, 5, 32, 1816, 763, 20, 1, 136, 14, 205, 1349, 1141, 0, 251, 317, 1166, 196, 716, 1, 3, 3]
******************************
epoch   29 batch number 40 loss is:  4.99809455871582
finish  save model
prediction [10, 52, 9, 142, 306, 0, 4, 16, 17, 46, 198, 1, 173, 197, 9, 25, 17, 0, 60, 239, 49, 61, 121, 1, 7, 216, 50, 19, 34, 0, 6, 197, 17, 5, 7, 1, 3, 124, 9, 5, 41, 0, 15, 6, 4, 4, 103, 1, 3, 3]
b_y        [677, 319, 373, 142, 192, 0, 431, 541, 1463, 368, 1834, 1, 158, 197, 234, 76, 233, 0, 1360, 239, 291, 285, 121, 1, 6, 71, 55, 218, 1305, 0, 770, 197, 188, 297, 13, 1, 470, 61, 9, 26, 394, 0, 60, 496, 101, 90, 5, 1, 3, 3]
******************************
epoch   29 batch number 41 loss is:  4.995326995849609
prediction [10, 95, 203, 242, 159, 0, 80, 33, 101, 29, 20, 1, 4, 14, 9, 54, 100, 0, 10, 72, 77, 9, 59, 1, 173, 91, 9, 123, 53, 0, 6, 6, 41, 169, 409, 1, 4, 67, 9, 17, 145, 0, 4, 19, 36, 279, 235, 1, 3, 3]
b_y        [852, 43, 69, 242, 44, 0, 50, 632, 101, 39, 121, 1, 142, 1247, 20, 41, 355, 0, 414, 638, 1791, 9, 527, 1, 17, 36, 459, 259, 148, 0, 11, 81, 99, 879, 5, 1, 251, 67, 56, 8, 460, 0, 92, 112, 124, 26, 377, 1, 3, 3]
******************************
epoch   29 batch number 42 loss is:  5.1083245277404785
prediction [10, 306, 75, 6, 85, 0, 25, 5, 77, 122, 144, 1, 10, 14, 50, 153, 91, 0, 12, 77, 100, 165, 238, 1, 10, 73, 15, 75, 43, 0, 5, 216, 17, 137, 59, 1, 15, 23, 9, 19, 73, 0, 4, 175, 10, 22, 21, 1, 3, 3]
b_y        [614, 306, 444, 1291, 1184, 0, 345, 5, 377, 221, 144, 1, 285, 833, 60, 1568, 107, 0, 161, 2732, 36, 1794, 50, 1, 3595, 638, 1001, 75, 334, 0, 2352, 1293, 290, 137, 532, 1, 488, 23, 474, 550, 1239, 0, 471, 120, 202, 11, 741, 1, 3, 3]
******************************
epoch   29 batch number 43 loss is:  5.031960487365723
prediction [10, 6, 122, 10, 117, 0, 10, 48, 86, 26, 185, 1, 8, 61, 7, 66, 63, 0, 5, 86, 36, 63, 125, 1, 7, 457, 13, 18, 197, 0, 12, 107, 57, 25, 59, 1, 128, 23, 47, 7, 170, 0, 15, 7, 4, 18, 28, 1, 3, 3]
b_y        [368, 321, 22, 10, 629, 0, 902, 45, 130, 89, 62, 1, 114, 51, 33, 66, 2267, 0, 670, 141, 1527, 44, 1827, 1, 679, 2403, 747, 18, 1084, 0, 1456, 2369, 482, 25, 12, 1, 65, 744, 231, 1953, 361, 0, 46, 156, 415, 8, 325, 1, 3, 3]
******************************
epoch   29 batch number 44 loss is:  5.001674175262451
prediction [10, 300, 10, 50, 59, 0, 6, 5, 4, 63, 125, 1, 7, 152, 50, 166, 1290, 0, 7, 85, 77, 25, 3745, 1, 16, 682, 6, 292, 43, 0, 5, 7, 36, 16, 183, 1, 15, 236, 4, 6, 95, 0, 4, 179, 10, 295, 5, 1, 3, 3]
b_y        [34, 53, 987, 216, 194, 0, 150, 373, 322, 19, 368, 1, 982, 59, 76, 2504, 2505, 0, 74, 189, 124, 3628, 3709, 1, 248, 524, 81, 633, 165, 0, 319, 243, 61, 86, 903, 1, 1662, 236, 90, 103, 404, 0, 20, 1816, 2455, 295, 234, 1, 3, 3]
******************************
epoch   29 batch number 45 loss is:  5.092799186706543
prediction [10, 323, 9, 565, 560, 0, 103, 104, 4, 102, 20, 1, 36, 104, 9, 46, 64, 0, 7, 32, 47, 37, 37, 1, 4, 151, 9, 144, 24, 0, 9, 6, 4, 15, 215, 1, 15, 658, 9, 132, 43, 0, 223, 177, 4, 4, 27, 1, 3, 3]
b_y        [219, 125, 2029, 1204, 2787, 0, 2157, 357, 2420, 180, 20, 1, 504, 2162, 2622, 9, 151, 0, 1422, 828, 978, 31, 2489, 1, 1998, 3167, 2604, 1398, 2030, 0, 1530, 1905, 1761, 813, 2950, 1, 1233, 3167, 2305, 132, 1017, 0, 772, 380, 219, 128, 27, 1, 3, 3]
******************************
epoch   29 batch number 46 loss is:  5.4618096351623535
prediction [10, 7, 10, 142, 8, 0, 10, 23, 4, 4, 64, 1, 3, 27, 258, 5, 8, 0, 32, 96, 4, 59, 398, 1, 142, 48, 464, 155, 1468, 0, 53, 16, 77, 147, 104, 1, 173, 886, 9, 134, 38, 0, 60, 213, 36, 165, 528, 1, 3, 21, 10, 149, 286, 0, 4, 51, 36, 30, 489, 1, 3, 3] 
b_y        [102, 168, 418, 36, 52, 0, 1075, 508, 993, 285, 528, 1, 32, 27, 499, 305, 42, 0, 261, 96, 146, 521, 16, 1, 1827, 582, 3761, 22, 1468, 0, 501, 436, 70, 1457, 104, 1, 1080, 606, 1710, 357, 24, 0, 1317, 1783, 1398, 129, 177, 1, 6, 216, 4, 475, 107, 0, 107, 43, 726, 27, 1206, 1, 3, 3]
******************************
epoch   29 batch number 47 loss is:  5.501822471618652
prediction [10, 19, 9, 4, 163, 0, 10, 469, 4, 26, 582, 1, 4, 19, 66, 6, 29, 0, 0, 0, 4, 23, 9, 193, 16, 5, 32, 1, 4, 27, 5, 32, 9, 0, 51, 0, 4, 9, 15, 163, 4, 172, 98, 1, 3, 226, 4, 21, 15, 9, 3, 30, 4, 4, 9, 0, 128, 565, 4, 47, 15, 1, 3, 3]
b_y        [693, 105, 702, 291, 29, 0, 2417, 337, 1614, 259, 426, 1, 494, 704, 84, 547, 36, 281, 508, 0, 23, 23, 116, 650, 212, 426, 410, 1, 4, 49, 95, 215, 699, 4, 51, 0, 294, 215, 184, 163, 4, 468, 699, 1, 114, 1304, 74, 690, 864, 1, 540, 5, 193, 85, 3468, 0, 708, 96, 192, 1371, 2577, 1, 3, 3]
******************************
epoch   29 batch number 48 loss is:  5.374828338623047
prediction [10, 44, 12, 18, 44, 75, 246, 0, 10, 5, 9, 791, 97, 39, 86, 1, 88, 193, 10, 135, 5, 4, 26, 0, 10, 240, 22, 194, 29, 9, 79, 1, 15, 65, 53, 57, 9, 7, 53, 0, 17, 148, 13, 397, 8, 8, 20, 1, 15, 233, 9, 14, 4, 54, 39, 0, 4, 429, 4, 41, 203, 24, 24, 1, 3, 3]
b_y        [153, 292, 154, 552, 19, 591, 246, 0, 654, 96, 116, 1001, 1504, 365, 86, 1, 2486, 2619, 159, 35, 89, 413, 521, 0, 1238, 240, 446, 136, 1143, 172, 150, 1, 873, 65, 12, 57, 13, 78, 145, 0, 502, 44, 510, 397, 8, 169, 20, 1, 29, 63, 24, 670, 622, 317, 17, 0, 277, 4119, 4, 2710, 108, 38, 310, 1, 3, 3]
******************************
epoch   29 batch number 49 loss is:  5.362000465393066
prediction [10, 182, 326, 6, 63, 48, 56, 0, 10, 457, 155, 18, 41, 26, 211, 1, 6, 21, 4, 425, 9, 13, 74, 0, 6, 610, 13, 374, 4, 17, 386, 1, 4, 95, 52, 343, 67, 19, 399, 0, 4, 98, 4, 1109, 4, 26, 525, 1, 3, 287, 4, 48, 15, 26, 43, 0, 4, 51, 13, 698, 212, 19, 23, 1, 3, 3]
b_y        [66, 77, 999, 6, 154, 63, 78, 0, 126, 584, 198, 16, 853, 206, 206, 1, 11, 21, 609, 425, 181, 60, 357, 0, 354, 44, 863, 374, 412, 207, 118, 1, 472, 18, 75, 343, 40, 729, 399, 0, 93, 234, 920, 2110, 31, 423, 32, 1, 606, 287, 12, 290, 67, 28, 43, 0, 498, 112, 558, 5, 92, 10, 235, 1, 3, 3]
******************************
epoch   29 batch number 50 loss is:  5.4225969314575195
prediction [10, 71, 25, 289, 0, 20, 183, 0, 36, 72, 13, 386, 8, 72, 552, 1, 6, 108, 91, 14, 4, 39, 114, 0, 10, 21, 6, 64, 41, 52, 132, 1, 68, 216, 122, 114, 67, 83, 43, 0, 83, 19, 83, 119, 77, 761, 98, 1, 68, 618, 6, 71, 9, 19, 61, 0, 10, 278, 22, 182, 117, 171, 86, 1, 3, 3]
b_y        [152, 1630, 289, 289, 73, 630, 533, 0, 204, 72, 318, 318, 248, 491, 1912, 1, 849, 3437, 24, 32, 47, 734, 114, 0, 22, 1740, 9, 687, 742, 1491, 298, 1, 76, 123, 988, 681, 79, 1869, 145, 0, 376, 77, 46, 146, 106, 213, 286, 1, 428, 618, 1264, 1245, 236, 117, 42, 0, 149, 278, 66, 182, 418, 26, 829, 1, 3, 3]
******************************
epoch   29 batch number 51 loss is:  5.410430431365967
prediction [10, 18, 13, 14, 8, 19, 680, 0, 10, 12, 26, 57, 354, 152, 40, 1, 7, 12, 902, 48, 9, 23, 17, 0, 7, 48, 7, 119, 4, 8, 134, 1, 109, 16, 13, 12, 13, 82, 53, 0, 36, 6, 293, 311, 57, 133, 680, 1, 15, 27, 4, 51, 113, 321, 64, 0, 4, 117, 9, 14, 4, 365, 125, 1, 3, 3]
b_y        [332, 18, 13, 14, 130, 361, 739, 0, 323, 242, 1381, 350, 16, 171, 1417, 1, 154, 1596, 6, 563, 69, 107, 237, 0, 17, 684, 224, 32, 10, 2564, 432, 1, 202, 4072, 1921, 131, 1563, 274, 1490, 0, 60, 416, 1415, 311, 1098, 76, 1002, 1, 54, 172, 912, 51, 2819, 321, 29, 0, 10, 191, 681, 205, 49, 39, 332, 1, 3, 3]
******************************
epoch   29 batch number 52 loss is:  5.4530487060546875
prediction [10, 18, 6, 757, 10, 56, 82, 0, 36, 18, 9, 134, 10, 10, 741, 1, 10, 605, 10, 129, 80, 308, 674, 0, 4, 172, 80, 284, 4, 68, 55, 1, 83, 21, 4, 19, 36, 5, 556, 0, 7, 44, 9, 9, 4, 124, 5, 1, 128, 284, 4, 32, 5, 122, 145, 0, 4, 123, 7, 63, 49, 9, 13, 1, 3, 3]
b_y        [140, 1478, 1005, 1056, 713, 246, 17, 0, 33, 18, 717, 918, 970, 97, 5, 1, 359, 2204, 2311, 129, 4346, 3290, 674, 0, 54, 603, 7, 643, 2780, 731, 535, 1, 846, 580, 31, 1287, 21, 9, 3278, 0, 406, 16, 226, 540, 48, 41, 1043, 1, 46, 34, 1116, 204, 752, 85, 26, 0, 222, 24, 65, 124, 92, 65, 121, 1, 3, 3]
******************************
epoch   29 batch number 53 loss is:  5.3792724609375
prediction [10, 181, 66, 215, 48, 26, 102, 0, 10, 23, 263, 44, 4, 9, 822, 1, 15, 7, 4, 64, 9, 5, 16, 0, 36, 197, 9, 150, 10, 425, 71, 1, 4, 130, 122, 178, 94, 408, 18, 0, 4, 9, 50, 909, 17, 372, 79, 1, 4, 216, 10, 63, 9, 26, 212, 0, 4, 49, 26, 512, 49, 10, 299, 1, 3, 3]
b_y        [230, 64, 1112, 3563, 252, 415, 40, 0, 190, 23, 129, 436, 621, 456, 548, 1, 84, 340, 122, 1234, 353, 6, 961, 0, 66, 197, 76, 205, 1931, 140, 417, 1, 89, 740, 10, 465, 60, 140, 18, 0, 92, 79, 80, 393, 202, 484, 21, 1, 183, 102, 122, 1059, 47, 26, 212, 0, 110, 542, 568, 380, 478, 490, 698, 1, 3, 3]
******************************
epoch   29 batch number 54 loss is:  5.271505355834961
prediction [10, 120, 151, 64, 29, 80, 132, 0, 4, 90, 6, 6, 4, 36, 5, 1, 10, 124, 19, 27, 80, 137, 29, 0, 10, 5, 10, 51, 10, 484, 14, 1, 10, 113, 82, 306, 9, 62, 590, 0, 10, 90, 83, 214, 392, 82, 211, 1, 3, 117, 4, 172, 10, 1211, 42, 0, 4, 30, 4, 19, 10, 21, 94, 1, 3, 3]
b_y        [256, 226, 1176, 1646, 588, 277, 134, 0, 754, 542, 824, 553, 1443, 643, 633, 1, 418, 1723, 430, 113, 167, 245, 48, 0, 157, 185, 110, 1003, 36, 11, 24, 1, 89, 833, 122, 2079, 387, 83, 454, 0, 222, 1436, 613, 432, 90, 237, 211, 1, 1118, 1398, 713, 9, 157, 425, 141, 0, 181, 331, 40, 19, 160, 525, 94, 1, 3, 3]
******************************
epoch   29 batch number 55 loss is:  5.260828495025635
prediction [10, 283, 4, 48, 10, 12, 40, 0, 82, 49, 157, 651, 8, 85, 78, 1, 10, 72, 9, 243, 77, 54, 412, 0, 36, 20, 7, 53, 77, 47, 40, 1, 7, 12, 99, 53, 9, 133, 100, 0, 10, 166, 7, 125, 342, 72, 133, 1, 128, 49, 39, 65, 9, 96, 42, 0, 4, 135, 4, 51, 10, 151, 5, 1, 3, 3]
b_y        [115, 283, 935, 165, 957, 50, 206, 0, 376, 348, 330, 651, 284, 755, 76, 1, 77, 552, 7, 217, 59, 2173, 2173, 0, 180, 551, 11, 1266, 85, 549, 549, 1, 200, 11, 311, 53, 220, 456, 100, 0, 1433, 166, 375, 75, 267, 2194, 83, 1, 421, 19, 408, 65, 150, 96, 336, 0, 3055, 135, 424, 51, 705, 81, 32, 1, 3, 3]
******************************
epoch   29 batch number 56 loss is:  5.468989849090576
prediction [10, 595, 10, 114, 9, 0, 692, 0, 10, 17, 52, 572, 10, 755, 132, 1, 10, 552, 4, 20, 9, 142, 104, 0, 4, 30, 15, 163, 49, 65, 977, 1, 83, 476, 122, 108, 180, 5, 17, 0, 17, 596, 83, 7, 4, 122, 283, 1, 3, 17, 60, 651, 9, 606, 104, 0, 4, 7, 243, 596, 77, 83, 641, 1, 3, 3]
b_y        [50, 40, 39, 34, 57, 228, 298, 0, 298, 57, 228, 205, 97, 142, 151, 1, 77, 682, 143, 5, 123, 886, 104, 0, 37, 954, 49, 42, 1007, 282, 35, 1, 62, 9, 1475, 74, 184, 56, 835, 0, 197, 19, 578, 948, 1314, 255, 59, 1, 218, 90, 171, 651, 831, 1667, 550, 0, 313, 7, 243, 53, 575, 2112, 641, 1, 3, 3]
******************************
epoch   29 batch number 57 loss is:  5.362936973571777
prediction [10, 62, 155, 16, 10, 5, 79, 0, 10, 90, 157, 23, 10, 114, 23, 1, 10, 72, 17, 292, 67, 4, 1468, 0, 17, 152, 138, 2783, 77, 83, 794, 1, 7, 196, 10, 17, 9, 69, 338, 0, 10, 16, 282, 7, 10, 34, 21, 1, 128, 34, 4, 7, 243, 13, 29, 0, 4, 409, 7, 53, 106, 33, 216, 1, 3, 3]
b_y        [388, 62, 6, 16, 900, 30, 62, 0, 230, 195, 624, 1089, 1597, 233, 187, 1, 153, 44, 153, 562, 462, 1181, 126, 0, 198, 131, 2782, 2783, 1107, 83, 266, 1, 302, 127, 34, 213, 80, 946, 17, 0, 520, 1082, 13, 98, 203, 85, 12, 1, 691, 8, 102, 7, 264, 24, 86, 0, 106, 409, 319, 137, 43, 22, 629, 1, 3, 3]
******************************
epoch   29 batch number 58 loss is:  5.4275407791137695
prediction [10, 114, 4, 285, 4, 150, 56, 0, 10, 97, 15, 208, 43, 755, 440, 1, 97, 552, 4, 14, 0, 0, 85, 0, 173, 30, 9, 85, 77, 6, 330, 1, 6, 65, 19, 85, 25, 571, 43, 0, 17, 610, 9, 59, 173, 186, 22, 1, 128, 20, 4, 30, 9, 26, 39, 0, 4, 14, 9, 42, 49, 511, 23, 1, 3, 3]
b_y        [839, 20, 55, 438, 3132, 281, 123, 0, 725, 587, 30, 648, 97, 755, 46, 1, 79, 552, 218, 11, 240, 114, 36, 0, 701, 5, 25, 17, 106, 6, 56, 1, 229, 65, 72, 1304, 199, 14, 189, 0, 354, 610, 217, 1820, 53, 145, 59, 1, 19, 284, 1581, 156, 391, 47, 39, 0, 1714, 14, 15, 637, 3667, 511, 151, 1, 3, 3]
******************************
epoch   29 batch number 59 loss is:  5.363051891326904
prediction [10, 71, 10, 100, 10, 36, 357, 0, 10, 108, 9, 164, 4, 19, 13, 1, 10, 1229, 4, 172, 5, 490, 104, 0, 4, 7, 4, 41, 120, 12, 5, 1, 10, 98, 10, 1093, 9, 168, 534, 0, 4, 90, 60, 208, 4, 18, 5, 1, 3, 399, 4, 184, 4, 19, 64, 0, 4, 32, 15, 51, 36, 215, 150, 1, 3, 3]
b_y        [206, 6, 580, 1226, 1030, 463, 649, 0, 2371, 552, 11, 897, 251, 317, 13, 1, 2360, 117, 314, 832, 277, 490, 124, 0, 102, 1469, 4, 294, 1838, 1198, 476, 1, 213, 37, 497, 1223, 331, 21, 26, 0, 94, 175, 30, 208, 1211, 18, 121, 1, 2341, 399, 26, 86, 494, 258, 288, 0, 163, 1120, 617, 742, 1569, 81, 5, 1, 3, 3]
******************************
epoch   29 batch number 60 loss is:  5.457302093505859
finish  save model
prediction [10, 49, 83, 48, 100, 75, 1016, 0, 110, 19, 9, 21, 4, 36, 1191, 1, 10, 715, 82, 59, 77, 61, 74, 0, 10, 109, 83, 165, 57, 12, 127, 1, 7, 111, 83, 126, 9, 83, 393, 0, 4, 19, 6, 7, 77, 153, 118, 1, 4, 64, 28, 134, 9, 21, 42, 0, 4, 131, 10, 160, 10, 7, 59, 1, 3, 3]
b_y        [110, 79, 6, 660, 317, 1563, 1016, 0, 92, 871, 443, 217, 99, 987, 32, 1, 345, 735, 154, 59, 557, 461, 983, 0, 390, 88, 12, 467, 57, 52, 1537, 1, 376, 307, 659, 2171, 819, 1331, 393, 0, 430, 19, 46, 119, 412, 153, 118, 1, 15, 8, 1908, 1001, 2536, 116, 96, 0, 266, 152, 113, 286, 1241, 402, 156, 1, 3, 3]
******************************
epoch   29 batch number 61 loss is:  5.376601219177246
prediction [10, 243, 6, 357, 4, 14, 15, 0, 10, 48, 13, 6, 4, 54, 5, 1, 4, 90, 82, 118, 4, 4, 473, 0, 4, 278, 15, 18, 4, 9, 59, 1, 10, 14, 4, 357, 9, 5, 42, 0, 4, 43, 15, 713, 4, 365, 535, 1, 3, 34, 4, 462, 55, 19, 192, 0, 4, 56, 15, 43, 4, 9, 208, 1, 3, 3]
b_y        [7, 1315, 125, 1084, 209, 47, 15, 0, 58, 759, 50, 88, 788, 44, 1331, 1, 230, 1427, 295, 2006, 205, 163, 271, 0, 195, 156, 33, 17, 98, 582, 139, 1, 20, 716, 328, 294, 9, 630, 1722, 0, 95, 1262, 78, 1357, 19, 2543, 1556, 1, 319, 34, 1272, 462, 67, 51, 160, 0, 171, 35, 32, 2659, 130, 30, 55, 1, 3, 3]
******************************
epoch   29 batch number 62 loss is:  5.555318832397461
prediction [10, 308, 83, 326, 82, 0, 83, 5, 91, 237, 340, 1, 7, 749, 412, 237, 134, 0, 82, 237, 202, 83, 116, 1, 3, 351, 82, 83, 116, 0, 116, 634, 181, 83, 119, 1, 4, 12, 13, 79, 57, 0, 116, 65, 17, 618, 25, 1, 4, 791, 4, 82, 85, 0, 10, 2220, 18, 12, 119, 1, 3, 95, 9, 489, 64, 0, 4, 172, 9, 75, 104, 1, 3, 3]
b_y        [519, 367, 463, 83, 788, 0, 157, 1669, 91, 361, 340, 1, 915, 1296, 1041, 433, 850, 0, 1872, 237, 2608, 12, 167, 1, 146, 815, 351, 141, 38, 0, 727, 85, 264, 88, 119, 1, 229, 958, 12, 211, 57, 0, 127, 65, 194, 110, 501, 1, 83, 846, 602, 34, 73, 0, 416, 850, 392, 50, 220, 1, 303, 288, 2261, 450, 125, 0, 54, 191, 2301, 22, 56, 1, 3, 3]
******************************
epoch   29 batch number 63 loss is:  5.551868438720703
prediction [10, 34, 6, 45, 107, 0, 97, 8, 10, 9, 71, 1, 8, 44, 6, 330, 5, 0, 6, 21, 16, 618, 13, 1, 7, 20, 196, 61, 197, 0, 97, 751, 48, 52, 398, 1, 3, 8, 302, 68, 29, 0, 9, 30, 4, 122, 398, 1, 3, 178, 83, 4, 114, 0, 4, 348, 91, 9, 27, 1, 3, 300, 66, 242, 48, 0, 89, 6, 77, 96, 945, 1, 3, 3]
b_y        [191, 40, 2570, 689, 1342, 0, 297, 117, 73, 616, 187, 1, 153, 350, 1114, 330, 625, 0, 6, 240, 18, 618, 325, 1, 275, 58, 79, 360, 877, 0, 3009, 751, 1759, 5, 62, 1, 1169, 1961, 136, 155, 114, 0, 37, 841, 244, 1197, 266, 1, 10, 1053, 417, 515, 41, 0, 1616, 1363, 95, 32, 1564, 1, 213, 322, 668, 22, 209, 0, 40, 116, 273, 57, 12, 1, 3, 3]
******************************
epoch   29 batch number 64 loss is:  5.469731330871582
prediction [10, 618, 9, 281, 10, 161, 7, 7, 177, 85, 76, 1, 7, 204, 9, 117, 126, 0, 7, 18, 77, 33, 211, 1, 8, 74, 60, 56, 57, 0, 13, 217, 74, 137, 123, 1, 7, 7, 155, 4, 74, 0, 97, 70, 77, 185, 204, 1, 8, 41, 9, 20, 42, 0, 15, 67, 39, 186, 76, 1, 3, 5, 4, 4, 137, 0, 4, 291, 77, 75, 28, 1, 3, 3]
b_y        [18, 618, 81, 135, 274, 0, 84, 7, 166, 85, 220, 1, 2490, 2614, 236, 491, 412, 0, 214, 16, 342, 211, 56, 1, 13, 327, 458, 452, 1348, 0, 50, 455, 137, 54, 123, 1, 283, 75, 600, 904, 1195, 0, 347, 8, 543, 206, 297, 1, 4, 101, 201, 1425, 210, 0, 89, 231, 53, 186, 526, 1, 38, 5, 117, 712, 530, 0, 61, 237, 169, 105, 35, 1, 3, 3]
******************************
epoch   29 batch number 65 loss is:  5.52750825881958
prediction [10, 104, 83, 466, 36, 0, 9, 113, 4, 521, 205, 1, 7, 791, 4, 82, 550, 0, 22, 193, 19, 32, 62, 1, 8, 18, 7, 24, 16, 0, 7, 21, 17, 290, 559, 1, 22, 119, 22, 193, 16, 0, 12, 337, 18, 119, 59, 1, 3, 29, 60, 125, 43, 0, 9, 7, 22, 96, 475, 1, 3, 23, 9, 19, 51, 0, 10, 99, 19, 33, 132, 1, 3, 3]
b_y        [315, 2142, 111, 35, 608, 0, 421, 476, 314, 750, 832, 1, 83, 55, 1841, 1243, 1438, 0, 96, 475, 363, 922, 935, 1, 584, 442, 279, 1857, 213, 0, 127, 297, 1642, 464, 559, 1, 8, 1897, 573, 596, 503, 0, 13, 1295, 2472, 1564, 773, 1, 124, 90, 450, 1616, 1076, 0, 699, 511, 564, 4, 2480, 1, 190, 23, 81, 54, 475, 0, 221, 715, 1733, 9, 843, 1, 3, 3]
******************************
epoch   29 batch number 66 loss is:  5.554128646850586
 0, 1616, 1363, 95, 32, 1564, 1, 213, 322, 668, 22, 209, 0, 40, 116, 273, 57, 12, 1, 3, 3]
******************************
epoch   29 batch number 64 loss is:  5.469731330871582
prediction [10, 618, 9, 281, 10, 161, 7, 7, 177, 85, 76, 1, 7, 204, 9, 117, 126, 0, 7, 18, 77, 33, 211, 1, 8, 74, 60, 56, 57, 0, 13, 217, 74, 137, 123, 1, 7, 7, 155, 4, 74, 0, 97, 70, 77, 185, 204, 1, 8, 41, 9, 20, 42, 0, 15, 67, 39, 186, 76, 1, 3, 5, 4, 4, 137, 0, 4, 291, 77, 75, 28, 1, 3, 3]
b_y        [18, 618, 81, 135, 274, 0, 84, 7, 166, 85, 220, 1, 2490, 2614, 236, 491, 412, 0, 214, 16, 342, 211, 56, 1, 13, 327, 458, 452, 1348, 0, 50, 455, 137, 54, 123, 1, 283, 75, 600, 904, 1195, 0, 347, 8, 543, 206, 297, 1, 4, 101, 201, 1425, 210, 0, 89, 231, 53, 186, 526, 1, 38, 5, 117, 712, 530, 0, 61, 237, 169, 105, 35, 1, 3, 3]
******************************
epoch   29 batch number 65 loss is:  5.52750825881958
prediction [10, 104, 83, 466, 36, 0, 9, 113, 4, 521, 205, 1, 7, 791, 4, 82, 550, 0, 22, 193, 19, 32, 62, 1, 8, 18, 7, 24, 16, 0, 7, 21, 17, 290, 559, 1, 22, 119, 22, 193, 16, 0, 12, 337, 18, 119, 59, 1, 3, 29, 60, 125, 43, 0, 9, 7, 22, 96, 475, 1, 3, 23, 9, 19, 51, 0, 10, 99, 19, 33, 132, 1, 3, 3]
b_y        [315, 2142, 111, 35, 608, 0, 421, 476, 314, 750, 832, 1, 83, 55, 1841, 1243, 1438, 0, 96, 475, 363, 922, 935, 1, 584, 442, 279, 1857, 213, 0, 127, 297, 1642, 464, 559, 1, 8, 1897, 573, 596, 503, 0, 13, 1295, 2472, 1564, 773, 1, 124, 90, 450, 1616, 1076, 0, 699, 511, 564, 4, 2480, 1, 190, 23, 81, 54, 475, 0, 221, 715, 1733, 9, 843, 1, 3, 3]
******************************
epoch   29 batch number 66 loss is:  5.554128646850586
epoch   29 batch number 64 loss is:  5.469731330871582
prediction [10, 618, 9, 281, 10, 161, 7, 7, 177, 85, 76, 1, 7, 204, 9, 117, 126, 0, 7, 18, 77, 33, 211, 1, 8, 74, 60, 56, 57, 0, 13, 217, 74, 137, 123, 1, 7, 7, 155, 4, 74, 0, 97, 70, 77, 185, 204, 1, 8, 41, 9, 20, 42, 0, 15, 67, 39, 186, 76, 1, 3, 5, 4, 4, 137, 0, 4, 291, 77, 75, 28, 1, 3, 3]
b_y        [18, 618, 81, 135, 274, 0, 84, 7, 166, 85, 220, 1, 2490, 2614, 236, 491, 412, 0, 214, 16, 342, 211, 56, 1, 13, 327, 458, 452, 1348, 0, 50, 455, 137, 54, 123, 1, 283, 75, 600, 904, 1195, 0, 347, 8, 543, 206, 297, 1, 4, 101, 201, 1425, 210, 0, 89, 231, 53, 186, 526, 1, 38, 5, 117, 712, 530, 0, 61, 237, 169, 105, 35, 1, 3, 3]
******************************
epoch   29 batch number 65 loss is:  5.52750825881958
prediction [10, 104, 83, 466, 36, 0, 9, 113, 4, 521, 205, 1, 7, 791, 4, 82, 550, 0, 22, 193, 19, 32, 62, 1, 8, 18, 7, 24, 16, 0, 7, 21, 17, 290, 559, 1, 22, 119, 22, 193, 16, 0, 12, 337, 18, 119, 59, 1, 3, 29, 60, 125, 43, 0, 9, 7, 22, 96, 475, 1, 3, 23, 9, 19, 51, 0, 10, 99, 19, 33, 132, 1, 3, 3]
b_y        [315, 2142, 111, 35, 608, 0, 421, 476, 314, 750, 832, 1, 83, 55, 1841, 1243, 1438, 0, 96, 475, 363, 922, 935, 1, 584, 442, 279, 1857, 213, 0, 127, 297, 1642, 464, 559, 1, 8, 1897, 573, 596, 503, 0, 13, 1295, 2472, 1564, 773, 1, 124, 90, 450, 1616, 1076, 0, 699, 511, 564, 4, 2480, 1, 190, 23, 81, 54, 475, 0, 221, 715, 1733, 9, 843, 1, 3, 3]
******************************
epoch   29 batch number 66 loss is:  5.554128646850586
prediction [10, 618, 9, 281, 10, 161, 7, 7, 177, 85, 76, 1, 7, 204, 9, 117, 126, 0, 7, 18, 77, 33, 211, 1, 8, 74, 60, 56, 57, 0, 13, 217, 74, 137, 123, 1, 7, 7, 155, 4, 74, 0, 97, 70, 77, 185, 204, 1, 8, 41, 9, 20, 42, 0, 15, 67, 39, 186, 76, 1, 3, 5, 4, 4, 137, 0, 4, 291, 77, 75, 28, 1, 3, 3]
b_y        [18, 618, 81, 135, 274, 0, 84, 7, 166, 85, 220, 1, 2490, 2614, 236, 491, 412, 0, 214, 16, 342, 211, 56, 1, 13, 327, 458, 452, 1348, 0, 50, 455, 137, 54, 123, 1, 283, 75, 600, 904, 1195, 0, 347, 8, 543, 206, 297, 1, 4, 101, 201, 1425, 210, 0, 89, 231, 53, 186, 526, 1, 38, 5, 117, 712, 530, 0, 61, 237, 169, 105, 35, 1, 3, 3]
******************************
epoch   29 batch number 65 loss is:  5.52750825881958
prediction [10, 104, 83, 466, 36, 0, 9, 113, 4, 521, 205, 1, 7, 791, 4, 82, 550, 0, 22, 193, 19, 32, 62, 1, 8, 18, 7, 24, 16, 0, 7, 21, 17, 290, 559, 1, 22, 119, 22, 193, 16, 0, 12, 337, 18, 119, 59, 1, 3, 29, 60, 125, 43, 0, 9, 7, 22, 96, 475, 1, 3, 23, 9, 19, 51, 0, 10, 99, 19, 33, 132, 1, 3, 3]
b_y        [315, 2142, 111, 35, 608, 0, 421, 476, 314, 750, 832, 1, 83, 55, 1841, 1243, 1438, 0, 96, 475, 363, 922, 935, 1, 584, 442, 279, 1857, 213, 0, 127, 297, 1642, 464, 559, 1, 8, 1897, 573, 596, 503, 0, 13, 1295, 2472, 1564, 773, 1, 124, 90, 450, 1616, 1076, 0, 699, 511, 564, 4, 2480, 1, 190, 23, 81, 54, 475, 0, 221, 715, 1733, 9, 843, 1, 3, 3]
******************************
epoch   29 batch number 66 loss is:  5.554128646850586
b_y        [18, 618, 81, 135, 274, 0, 84, 7, 166, 85, 220, 1, 2490, 2614, 236, 491, 412, 0, 214, 16, 342, 211, 56, 1, 13, 327, 458, 452, 1348, 0, 50, 455, 137, 54, 123, 1, 283, 75, 600, 904, 1195, 0, 347, 8, 543, 206, 297, 1, 4, 101, 201, 1425, 210, 0, 89, 231, 53, 186, 526, 1, 38, 5, 117, 712, 530, 0, 61, 237, 169, 105, 35, 1, 3, 3]
******************************
epoch   29 batch number 65 loss is:  5.52750825881958
prediction [10, 104, 83, 466, 36, 0, 9, 113, 4, 521, 205, 1, 7, 791, 4, 82, 550, 0, 22, 193, 19, 32, 62, 1, 8, 18, 7, 24, 16, 0, 7, 21, 17, 290, 559, 1, 22, 119, 22, 193, 16, 0, 12, 337, 18, 119, 59, 1, 3, 29, 60, 125, 43, 0, 9, 7, 22, 96, 475, 1, 3, 23, 9, 19, 51, 0, 10, 99, 19, 33, 132, 1, 3, 3]
b_y        [315, 2142, 111, 35, 608, 0, 421, 476, 314, 750, 832, 1, 83, 55, 1841, 1243, 1438, 0, 96, 475, 363, 922, 935, 1, 584, 442, 279, 1857, 213, 0, 127, 297, 1642, 464, 559, 1, 8, 1897, 573, 596, 503, 0, 13, 1295, 2472, 1564, 773, 1, 124, 90, 450, 1616, 1076, 0, 699, 511, 564, 4, 2480, 1, 190, 23, 81, 54, 475, 0, 221, 715, 1733, 9, 843, 1, 3, 3]
******************************
epoch   29 batch number 66 loss is:  5.554128646850586
epoch   29 batch number 65 loss is:  5.52750825881958
prediction [10, 104, 83, 466, 36, 0, 9, 113, 4, 521, 205, 1, 7, 791, 4, 82, 550, 0, 22, 193, 19, 32, 62, 1, 8, 18, 7, 24, 16, 0, 7, 21, 17, 290, 559, 1, 22, 119, 22, 193, 16, 0, 12, 337, 18, 119, 59, 1, 3, 29, 60, 125, 43, 0, 9, 7, 22, 96, 475, 1, 3, 23, 9, 19, 51, 0, 10, 99, 19, 33, 132, 1, 3, 3]
b_y        [315, 2142, 111, 35, 608, 0, 421, 476, 314, 750, 832, 1, 83, 55, 1841, 1243, 1438, 0, 96, 475, 363, 922, 935, 1, 584, 442, 279, 1857, 213, 0, 127, 297, 1642, 464, 559, 1, 8, 1897, 573, 596, 503, 0, 13, 1295, 2472, 1564, 773, 1, 124, 90, 450, 1616, 1076, 0, 699, 511, 564, 4, 2480, 1, 190, 23, 81, 54, 475, 0, 221, 715, 1733, 9, 843, 1, 3, 3]
******************************
epoch   29 batch number 66 loss is:  5.554128646850586
inital  linear weight
日落西风起，日日风光入户开。
, 19, 51, 0, 10, 99, 19, 33, 132, 1, 3, 3]
b_y        [315, 2142, 111, 35, 608, 0, 421, 476, 314, 750, 832, 1, 83, 55, 1841, 1243, 1438, 0, 96, 475, 363, 922, 935, 1, 584, 442, 279, 1857, 213, 0, 127, 297, 1642, 464, 559, 1, 8, 1897, 573, 596, 503, 0, 13, 1295, 2472, 1564, 773, 1, 124, 90, 450, 1616, 1076, 0, 699, 511, 564, 4, 2480, 1, 190, 23, 81, 54, 475, 0, 221, 715, 1733, 9, 843, 1, 3, 3]
******************************
epoch   29 batch number 66 loss is:  5.554128646850586